95528103
97341399
95360636
94517525
94506747
95203234
95177672
97164386
97013298
95348903
94790638
94765118
94740623
94717051
96320038
96279484
95879133
95834648
96886973
96783497
95335517
95151143
95122572
94497415
94489330
96410389
96363016
95092030
95060058
95791222
95750107
94544377
94530094
94650523
94630473
95577949
95551544
95369037
96154478
96109937
96583883
98293613
95304400
94902189
94873167
96064236
96017812
94962914
94932068
95248115
95226733
95639424
95607291
94576580
94560020
96699938
96633977
95320496
98024801
97840480
95287241
95971125
95924598
94694044
94671769
97720038
97644070
95268471
94611577
94593675
95711238
95674198
94844858
94817232
95027249
94994764
94482342
94476231
96239545
96197821
